0 0.22166666666666668 0.52 0.3566666666666667 0.9
0 0.9366666666666668 0.23833333333333334 0.06666666666666667 0.11666666666666667
0 0.8583333333333334 0.23500000000000001 0.06333333333333334 0.11
0 0.5766666666666667 0.4266666666666667 0.24666666666666667 0.26666666666666666
0 0.9433333333333334 0.3816666666666667 0.060000000000000005 0.09000000000000001
0 0.8350000000000001 0.37833333333333335 0.06333333333333334 0.09666666666666668
0 0.9366666666666668 0.5233333333333333 0.07333333333333333 0.12666666666666668
0 0.8383333333333334 0.5316666666666667 0.07 0.09000000000000001
0 0.8416666666666667 0.685 0.07 0.13
0 0.9400000000000001 0.6900000000000001 0.04666666666666667 0.12666666666666668
0 0.925 0.8716666666666667 0.05 0.13
0 0.8383333333333334 0.88 0.05666666666666667 0.11333333333333334
