0 0.8466666666666667 0.38 0.06666666666666667 0.10666666666666667
0 0.8500000000000001 0.2366666666666667 0.07333333333333333 0.12000000000000001
0 0.935 0.2316666666666667 0.07666666666666667 0.12333333333333334
0 0.5733333333333334 0.43333333333333335 0.29333333333333333 0.32666666666666666
0 0.5950000000000001 0.6333333333333334 0.043333333333333335 0.08
0 0.6433333333333334 0.5966666666666667 0.03333333333333333 0.07333333333333333
0 0.5416666666666667 0.6883333333333334 0.05666666666666667 0.06333333333333334
0 0.5016666666666667 0.7383333333333334 0.05666666666666667 0.05666666666666667
0 0.48000000000000004 0.8066666666666668 0.05333333333333334 0.06666666666666667
0 0.8383333333333334 0.5416666666666667 0.07 0.11666666666666667
0 0.93 0.3816666666666667 0.08666666666666667 0.10333333333333335
0 0.22333333333333336 0.51 0.3466666666666667 0.9266666666666667
